50000 1 P 0.518842 21.881414 56.643372 2.110000 -1.000000 0.000000
50000 2 S 4.421564 21.386099 57.486412 1.800000 0.000000 0.000000
50000 3 A 6.480397 21.221521 54.545486 1.530000 0.000000 0.000000
50000 4 P 6.419186 19.022894 59.893864 2.110000 -1.000000 0.000000
50000 5 S 9.460918 20.618259 62.137882 1.800000 0.000000 0.000000
50000 6 T 9.339169 22.805738 64.979721 1.530000 0.000000 0.000000
50000 7 P 10.106660 17.711613 64.589157 2.110000 -1.000000 0.000000
50000 8 S 11.991755 19.919033 67.290146 1.800000 0.000000 0.000000
50000 9 C 9.148620 21.488722 68.623192 1.530000 0.000000 0.000000
50000 10 P 12.629402 18.187925 70.707504 2.110000 -1.000000 0.000000
50000 11 S 11.523264 20.827606 73.376976 1.800000 0.000000 0.000000
50000 12 C 8.050406 21.485683 73.583466 1.530000 0.000000 0.000000
50000 13 P 10.632911 18.584646 76.369507 2.110000 -1.000000 0.000000
50000 14 S 7.473155 20.317062 77.915993 1.800000 0.000000 0.000000
50000 15 T 4.343622 20.818523 76.086861 1.530000 0.000000 0.000000
50000 16 P 5.668518 17.973242 80.500557 2.110000 -1.000000 0.000000
50000 17 S 2.000506 17.830648 79.023727 1.800000 0.000000 0.000000
50000 18 A 1.283625 16.324768 75.942757 1.530000 0.000000 0.000000
50000 19 P -0.259185 15.053885 80.569801 2.110000 -1.000000 0.000000
50000 20 S -0.752382 13.180341 77.049454 1.800000 0.000000 0.000000
50000 21 G 2.437140 11.658731 76.713425 1.530000 0.000000 0.000000
50000 22 P -2.827490 13.562224 73.677605 2.110000 -1.000000 0.000000
50000 23 S -4.492263 10.192038 72.880692 1.800000 0.000000 0.000000
50000 24 T -6.971976 9.780720 75.135635 1.530000 0.000000 0.000000
50000 25 P -7.051172 10.716422 69.969627 2.110000 -1.000000 0.000000
50000 26 S -6.353278 14.522068 70.649994 1.800000 0.000000 0.000000
50000 27 T -3.070183 14.389304 69.442078 1.530000 0.000000 0.000000
50000 28 P -7.343562 17.839211 68.784248 2.110000 -1.000000 0.000000
50000 29 S -3.580083 18.562096 68.605515 1.800000 0.000000 0.000000
50000 30 A -2.182295 16.468388 65.969124 1.530000 0.000000 0.000000
50000 31 P -2.878496 21.383444 65.847336 2.110000 -1.000000 0.000000
50000 32 S -3.434481 24.409515 68.360664 1.800000 0.000000 0.000000
50000 33 T -0.945466 23.978867 71.012642 1.530000 0.000000 0.000000
50000 34 P -2.547451 28.224730 67.991539 2.110000 -1.000000 0.000000
50000 35 S -0.711194 28.277706 71.524849 1.800000 0.000000 0.000000
50000 36 A 2.649166 26.973486 70.754875 1.530000 0.000000 0.000000
50000 37 P 0.377440 31.915640 71.612457 2.110000 -1.000000 0.000000
50000 38 S 4.269548 31.211634 72.103561 1.800000 0.000000 0.000000
50000 39 G 5.834044 29.631481 69.442871 1.530000 0.000000 0.000000
50000 40 P 6.248488 34.315613 70.692764 2.110000 -1.000000 0.000000
50000 41 S 9.801015 33.591831 69.256714 1.800000 0.000000 0.000000
50000 42 G 9.899652 31.186106 66.992638 1.530000 0.000000 0.000000
50000 43 P 9.813144 36.777126 66.844604 2.110000 -1.000000 0.000000
50000 44 S 11.732650 35.691257 63.666294 1.800000 0.000000 0.000000
50000 45 A 9.958647 33.124729 61.958549 1.530000 0.000000 0.000000
50000 46 P 12.302027 37.057140 59.940678 2.110000 -1.000000 0.000000
50000 47 S 13.078732 34.270679 57.276451 1.800000 0.000000 0.000000
50000 48 T 10.289614 32.540192 56.291004 1.530000 0.000000 0.000000
50000 49 P 13.040224 35.389339 53.375233 2.110000 -1.000000 0.000000
