1000 1 P 0.007302 23.158909 59.862675 2.110000 -1.000000 0.000000
1000 2 S 3.613069 22.769344 58.422062 1.800000 0.000000 0.000000
1000 3 A 3.866898 26.453627 58.846558 1.530000 0.000000 0.000000
1000 4 P 5.803081 19.940140 60.111500 2.110000 -1.000000 0.000000
1000 5 S 9.222742 21.123188 61.818741 1.800000 0.000000 0.000000
1000 6 T 8.329726 24.392792 62.421162 1.530000 0.000000 0.000000
1000 7 P 10.016050 17.962141 64.165489 2.110000 -1.000000 0.000000
1000 8 S 11.999103 20.018066 66.828964 1.800000 0.000000 0.000000
1000 9 C 8.965175 21.993448 67.074257 1.530000 0.000000 0.000000
1000 10 P 12.690557 18.264576 70.284592 2.110000 -1.000000 0.000000
1000 11 S 11.520785 20.782120 73.172203 1.800000 0.000000 0.000000
1000 12 C 11.010723 22.672287 70.362343 1.530000 0.000000 0.000000
1000 13 P 10.637704 18.520937 76.267731 2.110000 -1.000000 0.000000
1000 14 S 7.834097 19.986601 78.528481 1.800000 0.000000 0.000000
1000 15 T 4.277550 20.648132 78.815872 1.530000 0.000000 0.000000
1000 16 P 6.038336 17.829311 81.276833 2.110000 -1.000000 0.000000
1000 17 S 2.046836 18.210796 81.029854 1.800000 0.000000 0.000000
1000 18 A 0.968208 17.293449 77.628525 1.530000 0.000000 0.000000
1000 19 P -0.582071 15.554421 82.143806 2.110000 -1.000000 0.000000
1000 20 S -1.410490 14.102588 78.563934 1.800000 0.000000 0.000000
1000 21 G 1.423198 12.528589 77.180878 1.530000 0.000000 0.000000
1000 22 P -3.484934 15.097869 75.256638 2.110000 -1.000000 0.000000
1000 23 S -4.385924 11.460876 73.822227 1.800000 0.000000 0.000000
1000 24 T -7.185200 11.308650 76.049721 1.530000 0.000000 0.000000
1000 25 P -6.378170 11.894129 70.489685 2.110000 -1.000000 0.000000
1000 26 S -5.485832 15.699735 71.234238 1.800000 0.000000 0.000000
1000 27 T -2.067590 15.149301 70.992287 1.530000 0.000000 0.000000
1000 28 P -6.119241 18.234190 68.350693 2.110000 -1.000000 0.000000
1000 29 S -2.346383 19.217606 67.296448 1.800000 0.000000 0.000000
1000 30 A -1.111725 16.745613 65.123955 1.530000 0.000000 0.000000
1000 31 P -1.373493 21.754337 64.583565 2.110000 -1.000000 0.000000
1000 32 S -1.958924 23.821074 67.891777 1.800000 0.000000 0.000000
1000 33 T -0.987947 20.543037 69.510429 1.530000 0.000000 0.000000
1000 34 P -1.780043 27.768339 67.768005 2.110000 -1.000000 0.000000
1000 35 S -0.430177 28.398987 71.268387 1.800000 0.000000 0.000000
1000 36 A -1.083976 26.610914 74.352669 1.530000 0.000000 0.000000
1000 37 P 0.742722 32.220325 71.731087 2.110000 -1.000000 0.000000
1000 38 S 4.539536 31.682590 72.858078 1.800000 0.000000 0.000000
1000 39 G 5.132004 29.364307 70.444252 1.530000 0.000000 0.000000
1000 40 P 6.094106 35.172810 71.585579 2.110000 -1.000000 0.000000
1000 41 S 9.584762 34.349091 70.021385 1.800000 0.000000 0.000000
1000 42 G 9.904522 31.551527 68.138199 1.530000 0.000000 0.000000
1000 43 P 9.453160 37.389080 67.450974 2.110000 -1.000000 0.000000
1000 44 S 11.478225 35.890594 64.385719 1.800000 0.000000 0.000000
1000 45 A 9.220058 33.282204 62.970573 1.530000 0.000000 0.000000
1000 46 P 11.750350 37.750000 60.958321 2.110000 -1.000000 0.000000
1000 47 S 12.009779 35.356213 57.800472 1.800000 0.000000 0.000000
1000 48 T 9.280563 33.397449 57.316902 1.530000 0.000000 0.000000
1000 49 P 11.933799 37.401970 54.571373 2.110000 -1.000000 0.000000
1500 1 P -0.015862 23.366028 60.400089 2.110000 -1.000000 0.000000
1500 2 S 3.493639 22.987730 58.682251 1.800000 0.000000 0.000000
1500 3 A 3.693842 26.670025 59.327358 1.530000 0.000000 0.000000
1500 4 P 5.630024 20.156538 60.592300 2.110000 -1.000000 0.000000
1500 5 S 9.246197 21.122511 61.751728 1.800000 0.000000 0.000000
1500 6 T 8.408643 24.342754 63.008545 1.530000 0.000000 0.000000
1500 7 P 10.004131 17.989756 64.199074 2.110000 -1.000000 0.000000
1500 8 S 12.012441 20.027500 66.901047 1.800000 0.000000 0.000000
1500 9 C 9.000860 21.991407 67.232216 1.530000 0.000000 0.000000
1500 10 P 12.726242 18.262535 70.442551 2.110000 -1.000000 0.000000
1500 11 S 11.554683 20.778540 73.261726 1.800000 0.000000 0.000000
1500 12 C 11.598994 22.685240 69.907631 1.530000 0.000000 0.000000
1500 13 P 10.599588 18.584469 76.184471 2.110000 -1.000000 0.000000
1500 14 S 7.825771 19.544268 78.493774 1.800000 0.000000 0.000000
1500 15 T 4.038566 20.366659 78.719383 1.530000 0.000000 0.000000
1500 16 P 5.799352 17.547838 81.180344 2.110000 -1.000000 0.000000
1500 17 S 1.904206 17.435843 80.805305 1.800000 0.000000 0.000000
1500 18 A 0.761492 16.741638 77.435127 1.530000 0.000000 0.000000
1500 19 P -0.788787 15.002606 81.950409 2.110000 -1.000000 0.000000
1500 20 S -2.160577 13.336218 78.617249 1.800000 0.000000 0.000000
1500 21 G 0.350837 11.447570 76.712219 1.530000 0.000000 0.000000
1500 22 P -4.307530 14.539741 75.557175 2.110000 -1.000000 0.000000
1500 23 S -5.898154 11.193468 74.029472 1.800000 0.000000 0.000000
1500 24 T -8.731013 10.950440 76.144073 1.530000 0.000000 0.000000
1500 25 P -7.809653 11.654178 70.516525 2.110000 -1.000000 0.000000
1500 26 S -6.922952 15.444270 71.277756 1.800000 0.000000 0.000000
1500 27 T -3.789465 13.628426 70.694038 1.530000 0.000000 0.000000
1500 28 P -7.359488 18.202261 68.559204 2.110000 -1.000000 0.000000
1500 29 S -3.743284 18.657526 67.178177 1.800000 0.000000 0.000000
1500 30 A -3.720644 15.998422 64.922379 1.530000 0.000000 0.000000
1500 31 P -2.243674 21.179325 64.570374 2.110000 -1.000000 0.000000
1500 32 S -2.231681 23.550240 67.839554 1.800000 0.000000 0.000000
1500 33 T -1.260703 20.272203 69.458206 1.530000 0.000000 0.000000
1500 34 P -1.243970 27.545561 67.547989 2.110000 -1.000000 0.000000
1500 35 S -0.255682 28.501328 71.272148 1.800000 0.000000 0.000000
1500 36 A -1.235178 25.990114 73.972069 1.530000 0.000000 0.000000
1500 37 P 0.745320 32.227074 71.700661 2.110000 -1.000000 0.000000
1500 38 S 4.542494 31.724405 72.817116 1.800000 0.000000 0.000000
1500 39 G 5.134962 29.406122 70.403290 1.530000 0.000000 0.000000
1500 40 P 6.097636 35.235386 71.845970 2.110000 -1.000000 0.000000
1500 41 S 9.604024 34.401150 70.365021 1.800000 0.000000 0.000000
1500 42 G 10.582295 31.583344 68.045052 1.530000 0.000000 0.000000
1500 43 P 9.711141 37.352562 67.701012 2.110000 -1.000000 0.000000
1500 44 S 11.706514 35.864388 64.622894 1.800000 0.000000 0.000000
1500 45 A 9.448348 33.255997 63.207775 1.530000 0.000000 0.000000
1500 46 P 11.671754 38.006210 61.343552 2.110000 -1.000000 0.000000
1500 47 S 11.896000 35.635521 58.130112 1.800000 0.000000 0.000000
1500 48 T 9.111454 33.745544 58.529457 1.530000 0.000000 0.000000
1500 49 P 11.452830 37.360909 54.555836 2.110000 -1.000000 0.000000
2000 1 P -0.289906 23.532393 59.323093 2.110000 -1.000000 0.000000
2000 2 S 3.613803 23.023083 58.915409 1.800000 0.000000 0.000000
2000 3 A 4.426560 26.305279 60.346561 1.530000 0.000000 0.000000
2000 4 P 5.670187 20.164434 60.585812 2.110000 -1.000000 0.000000
2000 5 S 9.252093 21.140141 61.732002 1.800000 0.000000 0.000000
2000 6 T 8.429221 24.356153 63.001656 1.530000 0.000000 0.000000
2000 7 P 10.024710 18.003155 64.192177 2.110000 -1.000000 0.000000
2000 8 S 12.078310 20.016575 66.930176 1.800000 0.000000 0.000000
2000 9 C 9.044460 21.990011 67.242920 1.530000 0.000000 0.000000
2000 10 P 12.769842 18.261139 70.453255 2.110000 -1.000000 0.000000
2000 11 S 11.562762 20.803020 73.212540 1.800000 0.000000 0.000000
2000 12 C 11.606633 22.709688 69.859016 1.530000 0.000000 0.000000
2000 13 P 10.607227 18.608917 76.135857 2.110000 -1.000000 0.000000
2000 14 S 7.725452 19.559565 78.592918 1.800000 0.000000 0.000000
2000 15 T 3.983134 20.262928 78.754227 1.530000 0.000000 0.000000
2000 16 P 5.743919 17.444107 81.215187 2.110000 -1.000000 0.000000
2000 17 S 1.835658 17.228266 80.813652 1.800000 0.000000 0.000000
2000 18 A 0.454789 16.741701 77.495621 1.530000 0.000000 0.000000
2000 19 P -1.095490 15.002671 82.010902 2.110000 -1.000000 0.000000
2000 20 S -1.861318 12.919389 78.808968 1.800000 0.000000 0.000000
2000 21 G 1.174453 11.539398 77.483528 1.530000 0.000000 0.000000
2000 22 P -3.723662 14.152935 75.610550 2.110000 -1.000000 0.000000
2000 23 S -5.650955 11.246047 73.917999 1.800000 0.000000 0.000000
2000 24 T -8.294771 11.071184 76.486610 1.530000 0.000000 0.000000
2000 25 P -7.706603 11.804430 70.593605 2.110000 -1.000000 0.000000
2000 26 S -6.807166 15.612800 71.410423 1.800000 0.000000 0.000000
2000 27 T -3.199093 15.615048 70.956207 1.530000 0.000000 0.000000
2000 28 P -7.417935 18.346600 68.643311 2.110000 -1.000000 0.000000
2000 29 S -3.664484 18.681248 67.249069 1.800000 0.000000 0.000000
2000 30 A -2.540120 15.981841 65.559547 1.530000 0.000000 0.000000
2000 31 P -2.297882 21.430828 64.693687 2.110000 -1.000000 0.000000
2000 32 S -2.150957 23.717312 67.926331 1.800000 0.000000 0.000000
2000 33 T -1.179979 20.439276 69.544983 1.530000 0.000000 0.000000
2000 34 P -0.968944 27.445913 67.541718 2.110000 -1.000000 0.000000
2000 35 S -0.255639 28.501669 71.271370 1.800000 0.000000 0.000000
2000 36 A -1.235135 25.990456 73.971291 1.530000 0.000000 0.000000
2000 37 P 0.753144 32.231880 71.709839 2.110000 -1.000000 0.000000
2000 38 S 4.534002 31.723909 72.848091 1.800000 0.000000 0.000000
2000 39 G 5.571290 29.751867 70.175941 1.530000 0.000000 0.000000
2000 40 P 6.081892 35.255283 71.936096 2.110000 -1.000000 0.000000
2000 41 S 9.643418 34.437107 70.553650 1.800000 0.000000 0.000000
2000 42 G 10.621690 31.619314 68.233681 1.530000 0.000000 0.000000
2000 43 P 9.772539 37.374069 67.904823 2.110000 -1.000000 0.000000
2000 44 S 11.951059 35.804813 65.039467 1.800000 0.000000 0.000000
2000 45 A 9.692893 33.196423 63.624352 1.530000 0.000000 0.000000
2000 46 P 11.909510 37.948441 61.716213 2.110000 -1.000000 0.000000
2000 47 S 12.268234 35.483250 58.651588 1.800000 0.000000 0.000000
2000 48 T 9.483688 33.593273 59.050934 1.530000 0.000000 0.000000
2000 49 P 11.605030 36.672726 54.876286 2.110000 -1.000000 0.000000
2500 1 P -0.527571 24.003860 59.139084 2.110000 -1.000000 0.000000
2500 2 S 3.370310 23.199461 58.786934 1.800000 0.000000 0.000000
2500 3 A 5.032174 25.974041 60.200691 1.530000 0.000000 0.000000
2500 4 P 5.607361 20.260162 60.431335 2.110000 -1.000000 0.000000
2500 5 S 9.297301 21.168362 61.632305 1.800000 0.000000 0.000000
2500 6 T 8.507380 24.336367 62.908150 1.530000 0.000000 0.000000
2500 7 P 10.102868 17.983368 64.098656 2.110000 -1.000000 0.000000
2500 8 S 12.104329 19.964270 67.003822 1.800000 0.000000 0.000000
2500 9 C 9.194574 22.143316 66.973763 1.530000 0.000000 0.000000
2500 10 P 12.814318 18.213488 70.541725 2.110000 -1.000000 0.000000
2500 11 S 11.617638 20.742188 73.178276 1.800000 0.000000 0.000000
2500 12 C 11.638579 22.701750 69.880173 1.530000 0.000000 0.000000
2500 13 P 10.639174 18.600979 76.157013 2.110000 -1.000000 0.000000
2500 14 S 7.870401 19.610369 78.697441 1.800000 0.000000 0.000000
2500 15 T 4.216931 20.457214 78.788391 1.530000 0.000000 0.000000
2500 16 P 5.977717 17.638393 81.249352 2.110000 -1.000000 0.000000
2500 17 S 1.989050 17.498556 80.956482 1.800000 0.000000 0.000000
2500 18 A 0.630168 16.969534 77.652107 1.530000 0.000000 0.000000
2500 19 P -0.920111 15.230505 82.167389 2.110000 -1.000000 0.000000
2500 20 S -2.109703 13.394440 78.874237 1.800000 0.000000 0.000000
2500 21 G 0.340552 11.144935 77.525436 1.530000 0.000000 0.000000
2500 22 P -4.410337 14.479443 75.824821 2.110000 -1.000000 0.000000
2500 23 S -6.487365 11.322874 74.580025 1.800000 0.000000 0.000000
2500 24 T -9.062701 10.469612 76.825966 1.530000 0.000000 0.000000
2500 25 P -8.470898 11.706398 71.136017 2.110000 -1.000000 0.000000
2500 26 S -7.570254 15.512723 71.952560 1.800000 0.000000 0.000000
2500 27 T -4.065924 15.361166 72.006119 1.530000 0.000000 0.000000
2500 28 P -7.889795 18.609608 69.424858 2.110000 -1.000000 0.000000
2500 29 S -4.184581 18.791389 67.828636 1.800000 0.000000 0.000000
2500 30 A -4.881132 15.862706 65.872330 1.530000 0.000000 0.000000
2500 31 P -2.851888 21.054403 64.830132 2.110000 -1.000000 0.000000
2500 32 S -2.640908 23.483826 68.015739 1.800000 0.000000 0.000000
2500 33 T -1.064975 20.602777 69.638588 1.530000 0.000000 0.000000
2500 34 P -1.308998 27.182308 67.605301 2.110000 -1.000000 0.000000
2500 35 S -0.242203 28.482929 71.160522 1.800000 0.000000 0.000000
2500 36 A -0.699701 26.466896 74.062752 1.530000 0.000000 0.000000
2500 37 P 0.778127 32.225616 71.573479 2.110000 -1.000000 0.000000
2500 38 S 4.551207 31.710814 72.718796 1.800000 0.000000 0.000000
2500 39 G 5.588495 29.738771 70.046646 1.530000 0.000000 0.000000
2500 40 P 6.055663 35.271652 71.889481 2.110000 -1.000000 0.000000
2500 41 S 9.550308 34.456604 70.455765 1.800000 0.000000 0.000000
2500 42 G 9.963037 31.427492 67.888481 1.530000 0.000000 0.000000
2500 43 P 9.693325 37.387093 67.713120 2.110000 -1.000000 0.000000
2500 44 S 11.872327 35.815357 64.862709 1.800000 0.000000 0.000000
2500 45 A 9.614161 33.206966 63.447613 1.530000 0.000000 0.000000
2500 46 P 11.846719 37.967628 61.572521 2.110000 -1.000000 0.000000
2500 47 S 12.234344 35.554359 58.629353 1.800000 0.000000 0.000000
2500 48 T 9.449799 33.664383 59.028698 1.530000 0.000000 0.000000
2500 49 P 11.893278 37.258568 55.161236 2.110000 -1.000000 0.000000
3000 1 P -0.291436 23.873766 59.979149 2.110000 -1.000000 0.000000
3000 2 S 3.405045 23.081770 58.853264 1.800000 0.000000 0.000000
3000 3 A 5.013329 25.916697 60.281467 1.530000 0.000000 0.000000
3000 4 P 5.588516 20.202818 60.512112 2.110000 -1.000000 0.000000
3000 5 S 9.228576 21.161621 61.682499 1.800000 0.000000 0.000000
3000 6 T 8.407875 24.316307 62.976822 1.530000 0.000000 0.000000
3000 7 P 10.003364 17.963308 64.167336 2.110000 -1.000000 0.000000
3000 8 S 12.025306 19.915310 67.033806 1.800000 0.000000 0.000000
3000 9 C 9.128089 22.083500 66.984985 1.530000 0.000000 0.000000
3000 10 P 12.747832 18.153671 70.552948 2.110000 -1.000000 0.000000
3000 11 S 11.529518 20.689060 73.211792 1.800000 0.000000 0.000000
3000 12 C 11.566687 22.673319 69.884995 1.530000 0.000000 0.000000
3000 13 P 10.567281 18.572548 76.161835 2.110000 -1.000000 0.000000
3000 14 S 7.865145 19.650097 78.786438 1.800000 0.000000 0.000000
3000 15 T 4.128178 20.480452 78.803497 1.530000 0.000000 0.000000
3000 16 P 5.908354 17.561226 81.185982 2.110000 -1.000000 0.000000
3000 17 S 2.087717 17.285475 80.872810 1.800000 0.000000 0.000000
3000 18 A 0.756505 16.826242 77.582840 1.530000 0.000000 0.000000
3000 19 P -0.793773 15.087214 82.098122 2.110000 -1.000000 0.000000
3000 20 S -1.282803 13.069455 78.731949 1.800000 0.000000 0.000000
3000 21 G 1.328025 10.754840 77.811737 1.530000 0.000000 0.000000
3000 22 P -3.437427 14.153844 75.656006 2.110000 -1.000000 0.000000
3000 23 S -5.384614 10.793536 74.621124 1.800000 0.000000 0.000000
3000 24 T -7.891038 10.863445 77.031273 1.530000 0.000000 0.000000
3000 25 P -7.572285 11.413125 71.385071 2.110000 -1.000000 0.000000
3000 26 S -6.589003 15.185295 72.070755 1.800000 0.000000 0.000000
3000 27 T -3.695050 14.023499 70.407516 1.530000 0.000000 0.000000
3000 28 P -6.859580 17.961302 69.213631 2.110000 -1.000000 0.000000
3000 29 S -3.404696 18.153492 67.550163 1.800000 0.000000 0.000000
3000 30 A -3.391300 15.237428 65.643845 1.530000 0.000000 0.000000
3000 31 P -2.939223 20.955339 64.777191 2.110000 -1.000000 0.000000
3000 32 S -3.035508 23.233370 68.015244 1.800000 0.000000 0.000000
3000 33 T -1.459575 20.352322 69.638092 1.530000 0.000000 0.000000
3000 34 P -1.788642 26.963026 67.706161 2.110000 -1.000000 0.000000
3000 35 S -0.288320 28.448874 71.132645 1.800000 0.000000 0.000000
3000 36 A -0.745817 26.432840 74.034874 1.530000 0.000000 0.000000
3000 37 P 0.711685 32.187580 71.626793 2.110000 -1.000000 0.000000
3000 38 S 4.484839 31.674063 72.764252 1.800000 0.000000 0.000000
3000 39 G 5.516900 29.629253 70.251999 1.530000 0.000000 0.000000
3000 40 P 5.979069 35.249462 71.811737 2.110000 -1.000000 0.000000
3000 41 S 9.546450 34.419277 70.434464 1.800000 0.000000 0.000000
3000 42 G 9.959179 31.390160 67.867180 1.530000 0.000000 0.000000
3000 43 P 9.661386 37.367138 67.753929 2.110000 -1.000000 0.000000
3000 44 S 11.854240 35.791985 64.816071 1.800000 0.000000 0.000000
3000 45 A 9.596074 33.183594 63.400990 1.530000 0.000000 0.000000
3000 46 P 11.832122 37.945438 61.534016 2.110000 -1.000000 0.000000
3000 47 S 12.348542 35.431557 58.485817 1.800000 0.000000 0.000000
3000 48 T 9.563996 33.541580 58.885162 1.530000 0.000000 0.000000
3000 49 P 10.701769 36.638870 54.942963 2.110000 -1.000000 0.000000
3500 1 P -0.425646 23.591427 59.040966 2.110000 -1.000000 0.000000
3500 2 S 3.448641 22.947088 58.545765 1.800000 0.000000 0.000000
3500 3 A 5.027497 25.775682 60.024975 1.530000 0.000000 0.000000
3500 4 P 5.602684 20.061804 60.255619 2.110000 -1.000000 0.000000
3500 5 S 9.214221 21.089043 61.578808 1.800000 0.000000 0.000000
3500 6 T 8.341128 24.298950 62.857376 1.530000 0.000000 0.000000
3500 7 P 9.936617 17.945951 64.047874 2.110000 -1.000000 0.000000
3500 8 S 12.009562 19.880005 66.904823 1.800000 0.000000 0.000000
3500 9 C 8.985445 21.939079 67.049080 1.530000 0.000000 0.000000
3500 10 P 12.685060 18.084715 70.569962 2.110000 -1.000000 0.000000
3500 11 S 11.454576 20.620533 73.221001 1.800000 0.000000 0.000000
3500 12 C 11.499550 22.621302 69.917076 1.530000 0.000000 0.000000
3500 13 P 10.500144 18.520531 76.193916 2.110000 -1.000000 0.000000
3500 14 S 7.717866 19.569765 78.905487 1.800000 0.000000 0.000000
3500 15 T 3.917557 20.215475 78.752701 1.530000 0.000000 0.000000
3500 16 P 5.697733 17.296249 81.135185 2.110000 -1.000000 0.000000
3500 17 S 1.803014 17.045134 80.933632 1.800000 0.000000 0.000000
3500 18 A 0.283736 16.462753 77.633743 1.530000 0.000000 0.000000
3500 19 P -1.266543 14.723720 82.149025 2.110000 -1.000000 0.000000
3500 20 S -1.782972 12.646447 78.823738 1.800000 0.000000 0.000000
3500 21 G 1.152715 11.012114 77.454308 1.530000 0.000000 0.000000
3500 22 P -4.123500 13.047360 75.696320 2.110000 -1.000000 0.000000
3500 23 S -6.230042 9.984300 74.427834 1.800000 0.000000 0.000000
3500 24 T -8.147846 11.048560 77.156822 1.530000 0.000000 0.000000
3500 25 P -8.509648 10.846718 71.339409 2.110000 -1.000000 0.000000
3500 26 S -7.431424 14.536865 71.897453 1.800000 0.000000 0.000000
3500 27 T -3.878588 14.408113 71.163734 1.530000 0.000000 0.000000
3500 28 P -8.237718 17.112209 69.039032 2.110000 -1.000000 0.000000
3500 29 S -4.729694 18.322386 67.734459 1.800000 0.000000 0.000000
3500 30 A -4.000016 15.209374 66.176353 1.530000 0.000000 0.000000
3500 31 P -3.628547 21.186047 65.155441 2.110000 -1.000000 0.000000
3500 32 S -3.615316 23.441360 68.417206 1.800000 0.000000 0.000000
3500 33 T -2.039383 20.560312 70.040054 1.530000 0.000000 0.000000
3500 34 P -2.235588 27.153709 68.048180 2.110000 -1.000000 0.000000
3500 35 S -0.343270 28.428268 71.166626 1.800000 0.000000 0.000000
3500 36 A -0.846807 26.384941 74.063858 1.530000 0.000000 0.000000
3500 37 P 0.655395 32.162895 71.654739 2.110000 -1.000000 0.000000
3500 38 S 4.426349 31.661669 72.778709 1.800000 0.000000 0.000000
3500 39 G 5.578768 29.685188 70.047028 1.530000 0.000000 0.000000
3500 40 P 5.916667 35.223824 71.974014 2.110000 -1.000000 0.000000
3500 41 S 9.485228 34.391167 70.601341 1.800000 0.000000 0.000000
3500 42 G 9.897957 31.362045 68.034058 1.530000 0.000000 0.000000
3500 43 P 9.571931 37.342022 68.067116 2.110000 -1.000000 0.000000
3500 44 S 11.750395 35.768162 65.016563 1.800000 0.000000 0.000000
3500 45 A 9.525770 33.128716 63.633183 1.530000 0.000000 0.000000
3500 46 P 11.726182 37.915089 61.679264 2.110000 -1.000000 0.000000
3500 47 S 12.230920 35.394398 58.587971 1.800000 0.000000 0.000000
3500 48 T 9.446374 33.504421 58.987316 1.530000 0.000000 0.000000
3500 49 P 11.590166 36.455563 54.815418 2.110000 -1.000000 0.000000
4000 1 P -0.025571 23.601305 59.508751 2.110000 -1.000000 0.000000
4000 2 S 3.689225 22.976505 59.144260 1.800000 0.000000 0.000000
4000 3 A 4.970301 25.952248 60.191067 1.530000 0.000000 0.000000
4000 4 P 5.851353 20.048977 60.498138 2.110000 -1.000000 0.000000
4000 5 S 9.482246 21.043571 61.685192 1.800000 0.000000 0.000000
4000 6 T 8.892417 24.085463 63.462162 1.530000 0.000000 0.000000
4000 7 P 10.114681 17.929115 64.233688 2.110000 -1.000000 0.000000
4000 8 S 12.065956 19.886145 67.008804 1.800000 0.000000 0.000000
4000 9 C 9.218051 22.019899 67.171532 1.530000 0.000000 0.000000
4000 10 P 12.734344 18.083260 70.620712 2.110000 -1.000000 0.000000
4000 11 S 11.515430 20.626183 73.288383 1.800000 0.000000 0.000000
4000 12 C 11.520402 22.623533 69.963417 1.530000 0.000000 0.000000
4000 13 P 10.520996 18.522762 76.240257 2.110000 -1.000000 0.000000
4000 14 S 7.738577 19.572004 78.951759 1.800000 0.000000 0.000000
4000 15 T 3.792071 20.211918 78.805420 1.530000 0.000000 0.000000
4000 16 P 5.572247 17.292692 81.187904 2.110000 -1.000000 0.000000
4000 17 S 1.639055 17.147570 81.110519 1.800000 0.000000 0.000000
4000 18 A 0.844130 16.628469 77.592033 1.530000 0.000000 0.000000
4000 19 P -1.340360 14.745388 82.234879 2.110000 -1.000000 0.000000
4000 20 S -2.243160 12.841389 78.827980 1.800000 0.000000 0.000000
4000 21 G 0.858466 11.524401 77.694176 1.530000 0.000000 0.000000
4000 22 P -4.252469 13.370836 75.412170 2.110000 -1.000000 0.000000
4000 23 S -6.756878 10.519563 74.330658 1.800000 0.000000 0.000000
4000 24 T -9.194998 11.471756 76.815178 1.530000 0.000000 0.000000
4000 25 P -8.956399 11.544352 71.151741 2.110000 -1.000000 0.000000
4000 26 S -8.005103 15.312344 71.794090 1.800000 0.000000 0.000000
4000 27 T -4.733501 14.649950 71.189201 1.530000 0.000000 0.000000
4000 28 P -8.759889 17.842363 68.949547 2.110000 -1.000000 0.000000
4000 29 S -5.162031 18.888836 67.909714 1.800000 0.000000 0.000000
4000 30 A -4.690372 15.600788 66.615150 1.530000 0.000000 0.000000
4000 31 P -3.326343 21.157143 65.106308 2.110000 -1.000000 0.000000
4000 32 S -3.698093 23.248722 68.408920 1.800000 0.000000 0.000000
4000 33 T -2.122159 20.367674 70.031769 1.530000 0.000000 0.000000
4000 34 P -2.276788 26.907715 68.068420 2.110000 -1.000000 0.000000
4000 35 S -0.331141 28.411793 71.174095 1.800000 0.000000 0.000000
4000 36 A -1.036017 26.044657 73.937737 1.530000 0.000000 0.000000
4000 37 P 0.694540 32.139194 71.702934 2.110000 -1.000000 0.000000
4000 38 S 4.465494 31.637972 72.826904 1.800000 0.000000 0.000000
4000 39 G 5.617913 29.661491 70.095222 1.530000 0.000000 0.000000
4000 40 P 5.955389 35.229694 72.009239 2.110000 -1.000000 0.000000
4000 41 S 9.523813 34.396973 70.636383 1.800000 0.000000 0.000000
4000 42 G 9.936543 31.367849 68.069099 1.530000 0.000000 0.000000
4000 43 P 9.656974 37.336155 67.964279 2.110000 -1.000000 0.000000
4000 44 S 12.052921 35.637341 65.299820 1.800000 0.000000 0.000000
4000 45 A 9.828297 32.997894 63.916431 1.530000 0.000000 0.000000
4000 46 P 11.973626 37.874020 61.964764 2.110000 -1.000000 0.000000
4000 47 S 12.393706 35.456509 58.946430 1.800000 0.000000 0.000000
4000 48 T 9.609160 33.566532 59.345776 1.530000 0.000000 0.000000
4000 49 P 12.126372 36.956272 55.220032 2.110000 -1.000000 0.000000
4500 1 P 0.097401 23.545540 60.828770 2.110000 -1.000000 0.000000
4500 2 S 3.692250 22.974148 59.228390 1.800000 0.000000 0.000000
4500 3 A 4.969523 26.025543 60.578766 1.530000 0.000000 0.000000
4500 4 P 5.865632 20.084345 60.758999 2.110000 -1.000000 0.000000
4500 5 S 9.524508 20.976370 61.820637 1.800000 0.000000 0.000000
4500 6 T 8.939473 24.073730 63.490585 1.530000 0.000000 0.000000
4500 7 P 10.161737 17.917383 64.262093 2.110000 -1.000000 0.000000
4500 8 S 12.120799 19.849932 67.096581 1.800000 0.000000 0.000000
4500 9 C 9.250845 21.983263 67.243011 1.530000 0.000000 0.000000
4500 10 P 12.767138 18.046623 70.692192 2.110000 -1.000000 0.000000
4500 11 S 11.546505 20.589886 73.369476 1.800000 0.000000 0.000000
4500 12 C 11.522911 22.609800 69.958778 1.530000 0.000000 0.000000
4500 13 P 10.523505 18.509029 76.235619 2.110000 -1.000000 0.000000
4500 14 S 7.733735 19.503597 78.878571 1.800000 0.000000 0.000000
4500 15 T 3.813226 20.027933 78.653145 1.530000 0.000000 0.000000
4500 16 P 5.593402 17.108707 81.035629 2.110000 -1.000000 0.000000
4500 17 S 1.582636 16.900824 80.940186 1.800000 0.000000 0.000000
4500 18 A 0.791329 16.393375 77.443207 1.530000 0.000000 0.000000
4500 19 P -1.393162 14.510299 82.086052 2.110000 -1.000000 0.000000
4500 20 S -2.306442 12.826794 78.700790 1.800000 0.000000 0.000000
4500 21 G 0.288422 10.579571 77.693161 1.530000 0.000000 0.000000
4500 22 P -4.097532 13.988197 75.394897 2.110000 -1.000000 0.000000
4500 23 S -6.890871 11.334276 74.323074 1.800000 0.000000 0.000000
4500 24 T -9.073825 12.156780 77.142860 1.530000 0.000000 0.000000
4500 25 P -9.266357 12.262508 71.251358 2.110000 -1.000000 0.000000
4500 26 S -8.320207 16.028309 71.905128 1.800000 0.000000 0.000000
4500 27 T -5.120514 15.561536 70.375099 1.530000 0.000000 0.000000
4500 28 P -8.411540 18.452110 68.727280 2.110000 -1.000000 0.000000
4500 29 S -4.662147 19.086563 67.667831 1.800000 0.000000 0.000000
4500 30 A -3.137069 16.046373 66.619453 1.530000 0.000000 0.000000
4500 31 P -2.638061 20.878763 64.835129 2.110000 -1.000000 0.000000
4500 32 S -3.041266 23.030970 68.033096 1.800000 0.000000 0.000000
4500 33 T -2.159007 20.377691 69.999054 1.530000 0.000000 0.000000
4500 34 P -2.055557 26.824839 68.001228 2.110000 -1.000000 0.000000
4500 35 S -0.322276 28.439188 71.208328 1.800000 0.000000 0.000000
4500 36 A -1.027152 26.072052 73.971970 1.530000 0.000000 0.000000
4500 37 P 0.727440 32.163280 71.697060 2.110000 -1.000000 0.000000
4500 38 S 4.489494 31.664431 72.808846 1.800000 0.000000 0.000000
4500 39 G 5.641913 29.687950 70.077164 1.530000 0.000000 0.000000
4500 40 P 5.965785 35.275429 72.071968 2.110000 -1.000000 0.000000
4500 41 S 9.588901 34.403881 70.707062 1.800000 0.000000 0.000000
4500 42 G 10.001630 31.374763 68.139778 1.530000 0.000000 0.000000
4500 43 P 9.833776 37.322742 68.067238 2.110000 -1.000000 0.000000
4500 44 S 12.236152 35.606293 65.402596 1.800000 0.000000 0.000000
4500 45 A 10.011527 32.966846 64.019203 1.530000 0.000000 0.000000
4500 46 P 12.154772 37.817982 62.133049 2.110000 -1.000000 0.000000
4500 47 S 12.346431 35.510559 58.986958 1.800000 0.000000 0.000000
4500 48 T 9.561885 33.620583 59.386303 1.530000 0.000000 0.000000
4500 49 P 11.744228 37.290928 55.493240 2.110000 -1.000000 0.000000
5000 1 P -0.089439 24.007847 59.399734 2.110000 -1.000000 0.000000
5000 2 S 3.751476 23.124643 58.894562 1.800000 0.000000 0.000000
5000 3 A 4.980720 26.237343 60.381115 1.530000 0.000000 0.000000
5000 4 P 5.876829 20.296144 60.561348 2.110000 -1.000000 0.000000
5000 5 S 9.625783 21.094673 61.728703 1.800000 0.000000 0.000000
5000 6 T 9.013669 24.184179 63.284676 1.530000 0.000000 0.000000
5000 7 P 10.235933 18.027832 64.056160 2.110000 -1.000000 0.000000
5000 8 S 12.216096 19.942356 66.945488 1.800000 0.000000 0.000000
5000 9 C 9.276872 22.017607 67.036163 1.530000 0.000000 0.000000
5000 10 P 12.793165 18.080967 70.485344 2.110000 -1.000000 0.000000
5000 11 S 11.586441 20.605492 73.218002 1.800000 0.000000 0.000000
5000 12 C 11.597570 22.606747 69.913849 1.530000 0.000000 0.000000
5000 13 P 10.598165 18.505976 76.190689 2.110000 -1.000000 0.000000
5000 14 S 7.799270 19.477505 78.808876 1.800000 0.000000 0.000000
5000 15 T 3.996042 19.904573 78.436264 1.530000 0.000000 0.000000
5000 16 P 5.757320 17.030716 80.929466 2.110000 -1.000000 0.000000
5000 17 S 1.782841 16.975180 80.871269 1.800000 0.000000 0.000000
5000 18 A 0.883677 16.610769 77.468384 1.530000 0.000000 0.000000
5000 19 P -1.300814 14.727688 82.111229 2.110000 -1.000000 0.000000
5000 20 S -2.056190 13.152338 78.548874 1.800000 0.000000 0.000000
5000 21 G 0.917626 11.990357 77.271034 1.530000 0.000000 0.000000
5000 22 P -4.007899 14.372374 75.232628 2.110000 -1.000000 0.000000
5000 23 S -6.639793 11.511519 74.314064 1.800000 0.000000 0.000000
5000 24 T -9.529242 12.406164 76.237984 1.530000 0.000000 0.000000
5000 25 P -8.756704 12.333224 71.042160 2.110000 -1.000000 0.000000
5000 26 S -7.787225 16.061697 71.700516 1.800000 0.000000 0.000000
5000 27 T -4.293923 15.369642 71.627922 1.530000 0.000000 0.000000
5000 28 P -8.084981 18.399977 68.573029 2.110000 -1.000000 0.000000
5000 29 S -4.285036 18.814896 67.483803 1.800000 0.000000 0.000000
5000 30 A -3.824632 15.371849 66.452393 1.530000 0.000000 0.000000
5000 31 P -2.425248 20.828039 64.689346 2.110000 -1.000000 0.000000
5000 32 S -2.810629 23.044458 67.869011 1.800000 0.000000 0.000000
5000 33 T -1.928370 20.391180 69.834969 1.530000 0.000000 0.000000
5000 34 P -1.844587 26.958954 67.920769 2.110000 -1.000000 0.000000
5000 35 S -0.255437 28.404997 71.158676 1.800000 0.000000 0.000000
5000 36 A -0.960313 26.037861 73.922318 1.530000 0.000000 0.000000
5000 37 P 0.801440 32.146854 71.642174 2.110000 -1.000000 0.000000
5000 38 S 4.563120 31.647606 72.754158 1.800000 0.000000 0.000000
5000 39 G 5.715539 29.671125 70.022476 1.530000 0.000000 0.000000
5000 40 P 6.006718 35.276356 72.015434 2.110000 -1.000000 0.000000
5000 41 S 9.655699 34.428833 70.761688 1.800000 0.000000 0.000000
5000 42 G 10.068428 31.399704 68.194405 1.530000 0.000000 0.000000
5000 43 P 9.960868 37.365379 68.119926 2.110000 -1.000000 0.000000
5000 44 S 12.352092 35.655708 65.504974 1.800000 0.000000 0.000000
5000 45 A 10.541500 32.886818 64.253769 1.530000 0.000000 0.000000
5000 46 P 12.449780 37.792747 62.191666 2.110000 -1.000000 0.000000
5000 47 S 12.815249 35.457176 59.084618 1.800000 0.000000 0.000000
5000 48 T 10.086718 33.477013 59.105698 1.530000 0.000000 0.000000
5000 49 P 12.794091 36.353386 55.139046 2.110000 -1.000000 0.000000
5500 1 P 0.219049 23.678190 61.116184 2.110000 -1.000000 0.000000
5500 2 S 3.760146 23.066534 59.543930 1.800000 0.000000 0.000000
5500 3 A 4.830564 26.307343 60.512241 1.530000 0.000000 0.000000
5500 4 P 5.927729 20.192759 60.970116 2.110000 -1.000000 0.000000
5500 5 S 9.622597 21.012178 61.848560 1.800000 0.000000 0.000000
5500 6 T 9.120354 24.088640 63.560863 1.530000 0.000000 0.000000
5500 7 P 10.342618 17.932293 64.332336 2.110000 -1.000000 0.000000
5500 8 S 12.351142 19.847538 67.156509 1.800000 0.000000 0.000000
5500 9 C 9.379466 21.954685 67.269997 1.530000 0.000000 0.000000
5500 10 P 12.895760 18.018045 70.719177 2.110000 -1.000000 0.000000
5500 11 S 11.659276 20.532564 73.362228 1.800000 0.000000 0.000000
5500 12 C 11.598537 22.569912 70.016449 1.530000 0.000000 0.000000
5500 13 P 10.599132 18.469141 76.293289 2.110000 -1.000000 0.000000
5500 14 S 7.809792 19.458721 78.836227 1.800000 0.000000 0.000000
5500 15 T 3.988526 19.888941 78.427956 1.530000 0.000000 0.000000
5500 16 P 5.749804 17.015083 80.921158 2.110000 -1.000000 0.000000
5500 17 S 1.862974 16.573275 80.769958 1.800000 0.000000 0.000000
5500 18 A 1.100364 16.191967 77.227745 1.530000 0.000000 0.000000
5500 19 P -1.084126 14.308884 81.870590 2.110000 -1.000000 0.000000
5500 20 S -1.446965 12.309235 78.529938 1.800000 0.000000 0.000000
5500 21 G 0.992495 10.121853 77.248726 1.530000 0.000000 0.000000
5500 22 P -3.416839 13.295947 75.202225 2.110000 -1.000000 0.000000
5500 23 S -5.689791 10.325871 73.879532 1.800000 0.000000 0.000000
5500 24 T -8.393856 10.958379 76.048119 1.530000 0.000000 0.000000
5500 25 P -7.646302 11.272287 70.493652 2.110000 -1.000000 0.000000
5500 26 S -6.796350 15.082019 71.234329 1.800000 0.000000 0.000000
5500 27 T -3.228477 14.700880 71.148483 1.530000 0.000000 0.000000
5500 28 P -7.238557 17.981720 68.509010 2.110000 -1.000000 0.000000
5500 29 S -3.584832 18.523027 67.443245 1.800000 0.000000 0.000000
5500 30 A -2.340624 15.446701 66.045349 1.530000 0.000000 0.000000
5500 31 P -2.354584 20.686945 64.533401 2.110000 -1.000000 0.000000
5500 32 S -2.703238 22.811937 67.790787 1.800000 0.000000 0.000000
5500 33 T -1.820980 20.158659 69.756744 1.530000 0.000000 0.000000
5500 34 P -1.822954 26.751614 67.807396 2.110000 -1.000000 0.000000
5500 35 S -0.129543 28.345503 70.997406 1.800000 0.000000 0.000000
5500 36 A -0.834419 25.978367 73.761047 1.530000 0.000000 0.000000
5500 37 P 0.822421 32.093700 71.653725 2.110000 -1.000000 0.000000
5500 38 S 4.584114 31.598701 72.804375 1.800000 0.000000 0.000000
5500 39 G 5.792772 29.658154 70.085854 1.530000 0.000000 0.000000
5500 40 P 6.024999 35.219604 72.074699 2.110000 -1.000000 0.000000
5500 41 S 9.642752 34.380104 70.816933 1.800000 0.000000 0.000000
5500 42 G 10.055481 31.350985 68.249649 1.530000 0.000000 0.000000
5500 43 P 9.903262 37.330105 68.167068 2.110000 -1.000000 0.000000
5500 44 S 12.306520 35.616840 65.602394 1.800000 0.000000 0.000000
5500 45 A 10.565076 32.851570 64.439072 1.530000 0.000000 0.000000
5500 46 P 12.304731 37.850971 62.357136 2.110000 -1.000000 0.000000
5500 47 S 12.703259 35.509457 59.222050 1.800000 0.000000 0.000000
5500 48 T 9.974728 33.529293 59.243130 1.530000 0.000000 0.000000
5500 49 P 11.905363 37.756363 56.056976 2.110000 -1.000000 0.000000
6000 1 P -0.065410 23.653709 59.814137 2.110000 -1.000000 0.000000
6000 2 S 3.799204 22.990849 59.382221 1.800000 0.000000 0.000000
6000 3 A 4.910217 26.246271 60.647114 1.530000 0.000000 0.000000
6000 4 P 5.930483 20.164206 61.195705 2.110000 -1.000000 0.000000
6000 5 S 9.684061 20.943150 61.900299 1.800000 0.000000 0.000000
6000 6 T 9.312722 24.045031 63.737270 1.530000 0.000000 0.000000
6000 7 P 10.406425 17.874090 64.265587 2.110000 -1.000000 0.000000
6000 8 S 12.366883 19.818878 67.151550 1.800000 0.000000 0.000000
6000 9 C 9.311262 21.964745 67.140747 1.530000 0.000000 0.000000
6000 10 P 12.827556 18.028105 70.589928 2.110000 -1.000000 0.000000
6000 11 S 11.635847 20.523083 73.367165 1.800000 0.000000 0.000000
6000 12 C 10.785406 22.503580 70.182701 1.530000 0.000000 0.000000
6000 13 P 10.570639 18.456009 76.329285 2.110000 -1.000000 0.000000
6000 14 S 8.024075 19.699774 78.957169 1.800000 0.000000 0.000000
6000 15 T 4.129190 19.977093 78.418159 1.530000 0.000000 0.000000
6000 16 P 5.890468 17.103235 80.911362 2.110000 -1.000000 0.000000
6000 17 S 1.972924 16.733072 80.685936 1.800000 0.000000 0.000000
6000 18 A 1.087944 16.446033 77.221115 1.530000 0.000000 0.000000
6000 19 P -1.096547 14.562957 81.863960 2.110000 -1.000000 0.000000
6000 20 S -1.810971 12.767350 78.345909 1.800000 0.000000 0.000000
6000 21 G 1.388187 11.373229 77.728386 1.530000 0.000000 0.000000
6000 22 P -3.419425 13.304658 74.728371 2.110000 -1.000000 0.000000
6000 23 S -5.947627 10.367702 73.854134 1.800000 0.000000 0.000000
6000 24 T -8.467186 11.634765 75.999893 1.530000 0.000000 0.000000
6000 25 P -7.273126 11.329345 70.382812 2.110000 -1.000000 0.000000
6000 26 S -6.482466 15.121104 71.197617 1.800000 0.000000 0.000000
6000 27 T -3.011737 15.324294 70.724342 1.530000 0.000000 0.000000
6000 28 P -6.626109 17.966196 68.598625 2.110000 -1.000000 0.000000
6000 29 S -3.045852 18.755013 67.452629 1.800000 0.000000 0.000000
6000 30 A -2.275574 15.748164 65.745804 1.530000 0.000000 0.000000
6000 31 P -1.783963 21.059776 64.506920 2.110000 -1.000000 0.000000
6000 32 S -2.549981 23.103680 67.772942 1.800000 0.000000 0.000000
6000 33 T -1.667722 20.450401 69.738899 1.530000 0.000000 0.000000
6000 34 P -1.349774 26.804813 67.656494 2.110000 -1.000000 0.000000
6000 35 S -0.091871 28.363094 70.990715 1.800000 0.000000 0.000000
6000 36 A -0.796747 25.995958 73.754356 1.530000 0.000000 0.000000
6000 37 P 0.861275 32.110283 71.652863 2.110000 -1.000000 0.000000
6000 38 S 4.618262 31.625935 72.768707 1.800000 0.000000 0.000000
6000 39 G 5.826920 29.685387 70.050186 1.530000 0.000000 0.000000
6000 40 P 6.021161 35.303555 72.062180 2.110000 -1.000000 0.000000
6000 41 S 9.642286 34.462093 70.815247 1.800000 0.000000 0.000000
6000 42 G 9.891880 31.412855 68.595901 1.530000 0.000000 0.000000
6000 43 P 9.828360 37.395077 68.096832 2.110000 -1.000000 0.000000
6000 44 S 12.315543 35.644936 65.632660 1.800000 0.000000 0.000000
6000 45 A 11.059813 32.822475 64.019073 1.530000 0.000000 0.000000
6000 46 P 12.428265 37.774555 62.241528 2.110000 -1.000000 0.000000
6000 47 S 12.714103 35.423477 59.095928 1.800000 0.000000 0.000000
6000 48 T 9.985571 33.443314 59.117008 1.530000 0.000000 0.000000
6000 49 P 12.067705 36.382748 55.263569 2.110000 -1.000000 0.000000
6500 1 P -0.373378 24.105797 59.989910 2.110000 -1.000000 0.000000
6500 2 S 3.480311 23.197300 59.340641 1.800000 0.000000 0.000000
6500 3 A 5.308334 26.027145 60.745537 1.530000 0.000000 0.000000
6500 4 P 5.674665 20.343655 61.041458 2.110000 -1.000000 0.000000
6500 5 S 9.601894 20.982677 61.728409 1.800000 0.000000 0.000000
6500 6 T 9.226552 24.079489 63.741474 1.530000 0.000000 0.000000
6500 7 P 10.320254 17.908548 64.269783 2.110000 -1.000000 0.000000
6500 8 S 12.317679 19.807491 67.109200 1.800000 0.000000 0.000000
6500 9 C 9.263631 21.955975 67.097816 1.530000 0.000000 0.000000
6500 10 P 12.779924 18.019335 70.546997 2.110000 -1.000000 0.000000
6500 11 S 11.615204 20.498428 73.352081 1.800000 0.000000 0.000000
6500 12 C 10.790916 22.502537 70.202232 1.530000 0.000000 0.000000
6500 13 P 10.576149 18.454966 76.348816 2.110000 -1.000000 0.000000
6500 14 S 7.938256 19.793577 79.060249 1.800000 0.000000 0.000000
6500 15 T 4.107348 20.068607 78.399788 1.530000 0.000000 0.000000
6500 16 P 5.868626 17.194750 80.892990 2.110000 -1.000000 0.000000
6500 17 S 1.864847 17.141024 80.904327 1.800000 0.000000 0.000000
6500 18 A 1.030884 16.708761 77.371078 1.530000 0.000000 0.000000
6500 19 P -1.153607 14.825684 82.013924 2.110000 -1.000000 0.000000
6500 20 S -1.796326 12.989841 78.573242 1.800000 0.000000 0.000000
6500 21 G 0.773248 10.794177 77.361977 1.530000 0.000000 0.000000
6500 22 P -3.286473 13.635670 74.976639 2.110000 -1.000000 0.000000
6500 23 S -5.865677 10.712281 74.292320 1.800000 0.000000 0.000000
6500 24 T -8.837743 12.080706 75.822548 1.530000 0.000000 0.000000
6500 25 P -7.740259 11.421912 70.857079 2.110000 -1.000000 0.000000
6500 26 S -6.974025 15.197419 71.634315 1.800000 0.000000 0.000000
6500 27 T -3.363594 15.526202 72.079727 1.530000 0.000000 0.000000
6500 28 P -7.383166 17.868191 68.815460 2.110000 -1.000000 0.000000
6500 29 S -3.661366 18.635624 67.471107 1.800000 0.000000 0.000000
6500 30 A -2.984746 15.472383 65.939552 1.530000 0.000000 0.000000
6500 31 P -2.427109 20.679628 64.419762 2.110000 -1.000000 0.000000
6500 32 S -2.626041 23.022022 67.693810 1.800000 0.000000 0.000000
6500 33 T -1.797120 20.458416 69.743279 1.530000 0.000000 0.000000
6500 34 P -1.322641 26.732090 67.521202 2.110000 -1.000000 0.000000
6500 35 S -0.113309 28.398394 70.898605 1.800000 0.000000 0.000000
6500 36 A -0.893181 25.804558 73.455544 1.530000 0.000000 0.000000
6500 37 P 0.841064 32.132915 71.609581 2.110000 -1.000000 0.000000
6500 38 S 4.579845 31.643608 72.655457 1.800000 0.000000 0.000000
6500 39 G 5.788503 29.703060 69.936935 1.530000 0.000000 0.000000
6500 40 P 5.982724 35.320087 71.904709 2.110000 -1.000000 0.000000
6500 41 S 9.597114 34.504463 70.787277 1.800000 0.000000 0.000000
6500 42 G 9.817294 31.381275 68.522301 1.530000 0.000000 0.000000
6500 43 P 10.037937 37.368305 68.057083 2.110000 -1.000000 0.000000
6500 44 S 12.539002 35.630535 65.560562 1.800000 0.000000 0.000000
6500 45 A 10.657057 32.898125 64.204826 1.530000 0.000000 0.000000
6500 46 P 12.614161 37.753254 62.182377 2.110000 -1.000000 0.000000
6500 47 S 12.822190 35.364014 59.005142 1.800000 0.000000 0.000000
6500 48 T 10.093658 33.383850 59.026222 1.530000 0.000000 0.000000
6500 49 P 12.080845 38.420097 56.478828 2.110000 -1.000000 0.000000
7000 1 P -0.229437 24.195772 60.200115 2.110000 -1.000000 0.000000
7000 2 S 3.442569 23.281160 59.483372 1.800000 0.000000 0.000000
7000 3 A 5.327352 25.995039 60.594910 1.530000 0.000000 0.000000
7000 4 P 5.676212 20.341957 61.033955 2.110000 -1.000000 0.000000
7000 5 S 9.532798 21.108414 61.625805 1.800000 0.000000 0.000000
7000 6 T 9.211744 24.094820 63.548065 1.530000 0.000000 0.000000
7000 7 P 10.305447 17.923880 64.076378 2.110000 -1.000000 0.000000
7000 8 S 12.249454 19.863768 66.785179 1.800000 0.000000 0.000000
7000 9 C 9.299229 21.998417 66.921837 1.530000 0.000000 0.000000
7000 10 P 12.815522 18.061777 70.371017 2.110000 -1.000000 0.000000
7000 11 S 11.640233 20.539467 73.194664 1.800000 0.000000 0.000000
7000 12 C 10.795982 22.567642 70.153984 1.530000 0.000000 0.000000
7000 13 P 10.581215 18.520071 76.300568 2.110000 -1.000000 0.000000
7000 14 S 7.750258 19.575880 78.917580 1.800000 0.000000 0.000000
7000 15 T 3.833042 19.823885 78.238503 1.530000 0.000000 0.000000
7000 16 P 5.594319 16.950027 80.731705 2.110000 -1.000000 0.000000
7000 17 S 1.617098 16.936220 80.705307 1.800000 0.000000 0.000000
7000 18 A 0.652507 16.412033 77.179741 1.530000 0.000000 0.000000
7000 19 P -1.371219 14.514530 81.761971 2.110000 -1.000000 0.000000
7000 20 S -1.675209 12.690674 78.222321 1.800000 0.000000 0.000000
7000 21 G 1.455666 11.363101 77.611588 1.530000 0.000000 0.000000
7000 22 P -3.381349 13.453243 74.650047 2.110000 -1.000000 0.000000
7000 23 S -5.859379 10.404728 74.350433 1.800000 0.000000 0.000000
7000 24 T -9.053745 10.673362 76.162788 1.530000 0.000000 0.000000
7000 25 P -7.794093 10.919514 70.900642 2.110000 -1.000000 0.000000
7000 26 S -7.027995 14.695117 71.680840 1.800000 0.000000 0.000000
7000 27 T -3.646886 14.070227 70.823959 1.530000 0.000000 0.000000
7000 28 P -7.676167 17.330250 68.715668 2.110000 -1.000000 0.000000
7000 29 S -4.049513 18.456654 67.667274 1.800000 0.000000 0.000000
7000 30 A -3.413242 15.357765 66.169220 1.530000 0.000000 0.000000
7000 31 P -3.088861 20.457851 64.387253 2.110000 -1.000000 0.000000
7000 32 S -2.824803 22.931713 67.575005 1.800000 0.000000 0.000000
7000 33 T -1.995882 20.368107 69.624474 1.530000 0.000000 0.000000
7000 34 P -1.574041 26.636438 67.382942 2.110000 -1.000000 0.000000
7000 35 S -0.200139 28.237717 70.679466 1.800000 0.000000 0.000000
7000 36 A -0.980010 25.643881 73.236404 1.530000 0.000000 0.000000
7000 37 P 0.757233 31.973059 71.429085 2.110000 -1.000000 0.000000
7000 38 S 4.535491 31.680395 72.617805 1.800000 0.000000 0.000000
7000 39 G 5.627829 29.569767 69.979111 1.530000 0.000000 0.000000
7000 40 P 5.906225 35.344467 71.809395 2.110000 -1.000000 0.000000
7000 41 S 9.495522 34.523117 70.711205 1.800000 0.000000 0.000000
7000 42 G 9.715702 31.399929 68.446228 1.530000 0.000000 0.000000
7000 43 P 10.234630 37.319893 68.091415 2.110000 -1.000000 0.000000
7000 44 S 12.615974 35.624325 65.413284 1.800000 0.000000 0.000000
7000 45 A 10.734029 32.891914 64.057549 1.530000 0.000000 0.000000
7000 46 P 12.745971 37.680061 62.049580 2.110000 -1.000000 0.000000
7000 47 S 13.249018 35.118065 59.104744 1.800000 0.000000 0.000000
7000 48 T 10.387863 33.241825 59.134140 1.530000 0.000000 0.000000
7000 49 P 11.838216 36.241154 55.597088 2.110000 -1.000000 0.000000
7500 1 P -0.332194 24.427469 60.029716 2.110000 -1.000000 0.000000
7500 2 S 3.487966 23.361948 59.742596 1.800000 0.000000 0.000000
7500 3 A 5.465138 26.041658 60.723255 1.530000 0.000000 0.000000
7500 4 P 5.813998 20.388577 61.162300 2.110000 -1.000000 0.000000
7500 5 S 9.593931 21.100416 61.780720 1.800000 0.000000 0.000000
7500 6 T 9.231607 24.134615 63.673157 1.530000 0.000000 0.000000
7500 7 P 10.325310 17.963675 64.201469 2.110000 -1.000000 0.000000
7500 8 S 12.297353 19.843021 67.086830 1.800000 0.000000 0.000000
7500 9 C 9.271473 21.864738 67.254829 1.530000 0.000000 0.000000
7500 10 P 12.852639 18.034672 70.498299 2.110000 -1.000000 0.000000
7500 11 S 11.641434 20.542803 73.201828 1.800000 0.000000 0.000000
7500 12 C 11.279070 22.644043 70.076157 1.530000 0.000000 0.000000
7500 13 P 10.583489 18.541765 76.273491 2.110000 -1.000000 0.000000
7500 14 S 7.843098 19.703804 78.921410 1.800000 0.000000 0.000000
7500 15 T 3.933135 19.949768 78.325615 1.530000 0.000000 0.000000
7500 16 P 5.694413 17.075911 80.818817 2.110000 -1.000000 0.000000
7500 17 S 1.834597 17.069042 80.827736 1.800000 0.000000 0.000000
7500 18 A 0.697087 16.688526 77.405167 1.530000 0.000000 0.000000
7500 19 P -0.971283 14.589527 81.833786 2.110000 -1.000000 0.000000
7500 20 S -1.275671 13.193524 78.152657 1.800000 0.000000 0.000000
7500 21 G 1.578217 11.179193 77.617493 1.530000 0.000000 0.000000
7500 22 P -3.167975 14.015748 74.640305 2.110000 -1.000000 0.000000
7500 23 S -5.184008 10.643830 74.413948 1.800000 0.000000 0.000000
7500 24 T -7.902883 11.335327 76.570763 1.530000 0.000000 0.000000
7500 25 P -7.475488 11.305880 71.228981 2.110000 -1.000000 0.000000
7500 26 S -6.849778 15.029477 71.937447 1.800000 0.000000 0.000000
7500 27 T -3.566016 14.676920 70.812637 1.530000 0.000000 0.000000
7500 28 P -8.133057 17.049784 68.896942 2.110000 -1.000000 0.000000
7500 29 S -4.543525 18.105259 67.855873 1.800000 0.000000 0.000000
7500 30 A -4.561911 15.074098 66.069748 1.530000 0.000000 0.000000
7500 31 P -3.806061 20.464615 64.759430 2.110000 -1.000000 0.000000
7500 32 S -3.400330 23.051697 67.940773 1.800000 0.000000 0.000000
7500 33 T -2.103553 20.698013 69.894730 1.530000 0.000000 0.000000
7500 34 P -1.727672 26.656521 67.494278 2.110000 -1.000000 0.000000
7500 35 S -0.175832 28.251953 70.699814 1.800000 0.000000 0.000000
7500 36 A -0.955703 25.658117 73.256752 1.530000 0.000000 0.000000
7500 37 P 0.781540 31.987295 71.449432 2.110000 -1.000000 0.000000
7500 38 S 4.552622 31.700188 72.577271 1.800000 0.000000 0.000000
7500 39 G 5.644960 29.589560 69.938576 1.530000 0.000000 0.000000
7500 40 P 5.921919 35.355488 71.743904 2.110000 -1.000000 0.000000
7500 41 S 9.511215 34.534138 70.645714 1.800000 0.000000 0.000000
7500 42 G 9.731396 31.410944 68.380737 1.530000 0.000000 0.000000
7500 43 P 10.270894 37.335022 68.100525 2.110000 -1.000000 0.000000
7500 44 S 12.655382 35.657703 65.535339 1.800000 0.000000 0.000000
7500 45 A 10.773437 32.925293 64.179611 1.530000 0.000000 0.000000
7500 46 P 12.755785 37.724228 62.171104 2.110000 -1.000000 0.000000
7500 47 S 13.249941 35.220848 59.178417 1.800000 0.000000 0.000000
7500 48 T 10.432160 33.256935 59.017891 1.530000 0.000000 0.000000
7500 49 P 12.623483 36.163013 55.403973 2.110000 -1.000000 0.000000
8000 1 P -0.147483 24.040716 60.345654 2.110000 -1.000000 0.000000
8000 2 S 3.561595 23.141985 59.185497 1.800000 0.000000 0.000000
8000 3 A 5.445844 25.931763 60.024872 1.530000 0.000000 0.000000
8000 4 P 5.779012 20.331066 60.812656 2.110000 -1.000000 0.000000
8000 5 S 9.583024 21.098001 61.667828 1.800000 0.000000 0.000000
8000 6 T 9.197433 24.150549 63.514561 1.530000 0.000000 0.000000
8000 7 P 10.291136 17.979609 64.042877 2.110000 -1.000000 0.000000
8000 8 S 12.295120 19.888081 66.992294 1.800000 0.000000 0.000000
8000 9 C 9.231503 21.888657 67.208801 1.530000 0.000000 0.000000
8000 10 P 12.812669 18.058590 70.452271 2.110000 -1.000000 0.000000
8000 11 S 11.606510 20.565561 73.213188 1.800000 0.000000 0.000000
8000 12 C 11.244618 22.662687 70.095909 1.530000 0.000000 0.000000
8000 13 P 10.549038 18.560410 76.293243 2.110000 -1.000000 0.000000
8000 14 S 7.888413 19.839537 78.963493 1.800000 0.000000 0.000000
8000 15 T 4.019054 20.178253 78.473763 1.530000 0.000000 0.000000
8000 16 P 5.780332 17.304396 80.966965 2.110000 -1.000000 0.000000
8000 17 S 1.747464 17.198223 80.995705 1.800000 0.000000 0.000000
8000 18 A 0.654132 16.886679 77.616913 1.530000 0.000000 0.000000
8000 19 P -1.014238 14.787676 82.045532 2.110000 -1.000000 0.000000
8000 20 S -1.819244 13.358221 78.463898 1.800000 0.000000 0.000000
8000 21 G 0.156436 10.477962 77.784798 1.530000 0.000000 0.000000
8000 22 P -3.745065 14.019274 74.991051 2.110000 -1.000000 0.000000
8000 23 S -6.215600 10.899428 74.769043 1.800000 0.000000 0.000000
8000 24 T -8.825046 11.303842 77.173386 1.530000 0.000000 0.000000
8000 25 P -8.517207 11.109591 71.612495 2.110000 -1.000000 0.000000
8000 26 S -7.866339 14.915511 72.292503 1.800000 0.000000 0.000000
8000 27 T -4.369484 14.802258 71.466560 1.530000 0.000000 0.000000
8000 28 P -8.701447 17.530136 69.287857 2.110000 -1.000000 0.000000
8000 29 S -5.144249 18.873753 67.971199 1.800000 0.000000 0.000000
8000 30 A -4.057565 15.544478 67.003830 1.530000 0.000000 0.000000
8000 31 P -3.770397 20.734726 64.895561 2.110000 -1.000000 0.000000
8000 32 S -3.496657 23.083267 68.100555 1.800000 0.000000 0.000000
8000 33 T -1.653390 20.689644 69.818222 1.530000 0.000000 0.000000
8000 34 P -1.885655 26.730434 67.599159 2.110000 -1.000000 0.000000
8000 35 S -0.192088 28.275776 70.704720 1.800000 0.000000 0.000000
8000 36 A -0.971959 25.681940 73.261658 1.530000 0.000000 0.000000
8000 37 P 0.762628 32.009922 71.490929 2.110000 -1.000000 0.000000
8000 38 S 4.531848 31.721842 72.548500 1.800000 0.000000 0.000000
8000 39 G 5.624187 29.611214 69.909805 1.530000 0.000000 0.000000
8000 40 P 5.879195 35.372662 71.789139 2.110000 -1.000000 0.000000
8000 41 S 9.468490 34.551311 70.690948 1.800000 0.000000 0.000000
8000 42 G 9.688670 31.428114 68.425972 1.530000 0.000000 0.000000
8000 43 P 10.152284 37.347977 67.994202 2.110000 -1.000000 0.000000
8000 44 S 12.611957 35.656483 65.281029 1.800000 0.000000 0.000000
8000 45 A 10.730011 32.924072 63.925308 1.530000 0.000000 0.000000
8000 46 P 12.792309 37.665096 61.902241 2.110000 -1.000000 0.000000
8000 47 S 13.304034 35.117805 58.859615 1.800000 0.000000 0.000000
8000 48 T 10.486254 33.153893 58.699089 1.530000 0.000000 0.000000
8000 49 P 12.476707 36.601856 55.287781 2.110000 -1.000000 0.000000
8500 1 P 0.365562 23.998869 61.262184 2.110000 -1.000000 0.000000
8500 2 S 3.573289 23.069399 59.229149 1.800000 0.000000 0.000000
8500 3 A 5.443462 25.857489 60.180134 1.530000 0.000000 0.000000
8500 4 P 5.776629 20.256792 60.967918 2.110000 -1.000000 0.000000
8500 5 S 9.590741 21.033461 61.730293 1.800000 0.000000 0.000000
8500 6 T 9.241400 24.145338 63.561359 1.530000 0.000000 0.000000
8500 7 P 10.335102 17.974398 64.089653 2.110000 -1.000000 0.000000
8500 8 S 12.314240 19.898863 66.989799 1.800000 0.000000 0.000000
8500 9 C 9.260550 21.890776 67.251236 1.530000 0.000000 0.000000
8500 10 P 12.841717 18.060709 70.494705 2.110000 -1.000000 0.000000
8500 11 S 11.648578 20.540083 73.292831 1.800000 0.000000 0.000000
8500 12 C 11.286686 22.637209 70.175552 1.530000 0.000000 0.000000
8500 13 P 10.591105 18.534931 76.372887 2.110000 -1.000000 0.000000
8500 14 S 7.997615 19.921446 79.054031 1.800000 0.000000 0.000000
8500 15 T 4.051796 20.051060 78.374641 1.530000 0.000000 0.000000
8500 16 P 5.813074 17.177202 80.867844 2.110000 -1.000000 0.000000
8500 17 S 1.798112 17.316454 80.985229 1.800000 0.000000 0.000000
8500 18 A 0.745155 16.832342 77.523537 1.530000 0.000000 0.000000
8500 19 P -0.923215 14.733332 81.952156 2.110000 -1.000000 0.000000
8500 20 S -1.603343 13.294336 78.273560 1.800000 0.000000 0.000000
8500 21 G 1.223644 11.351035 77.546204 1.530000 0.000000 0.000000
8500 22 P -3.599291 13.186635 74.927017 2.110000 -1.000000 0.000000
8500 23 S -6.142299 10.175950 74.817085 1.800000 0.000000 0.000000
8500 24 T -8.737484 11.077592 77.289780 1.530000 0.000000 0.000000
8500 25 P -8.346094 10.706614 71.612053 2.110000 -1.000000 0.000000
8500 26 S -7.515582 14.443151 72.282150 1.800000 0.000000 0.000000
8500 27 T -4.133068 14.645283 71.267136 1.530000 0.000000 0.000000
8500 28 P -8.832054 16.839533 69.569176 2.110000 -1.000000 0.000000
8500 29 S -5.517818 18.662632 68.211472 1.800000 0.000000 0.000000
8500 30 A -5.160574 15.379483 66.530602 1.530000 0.000000 0.000000
8500 31 P -4.027781 20.744934 65.029808 2.110000 -1.000000 0.000000
8500 32 S -3.669968 23.028276 68.132721 1.800000 0.000000 0.000000
8500 33 T -1.826701 20.634653 69.850388 1.530000 0.000000 0.000000
8500 34 P -2.044274 26.690477 67.633156 2.110000 -1.000000 0.000000
8500 35 S -0.172596 28.258430 70.666985 1.800000 0.000000 0.000000
8500 36 A -0.875937 25.582052 73.149139 1.530000 0.000000 0.000000
8500 37 P 0.805779 31.980686 71.484093 2.110000 -1.000000 0.000000
8500 38 S 4.580698 31.727600 72.606728 1.800000 0.000000 0.000000
8500 39 G 5.673036 29.616972 69.968033 1.530000 0.000000 0.000000
8500 40 P 5.929721 35.379509 71.850922 2.110000 -1.000000 0.000000
8500 41 S 9.607222 34.556244 70.725044 1.800000 0.000000 0.000000
8500 42 G 9.827402 31.433043 68.460068 1.530000 0.000000 0.000000
8500 43 P 10.299335 37.364155 67.861603 2.110000 -1.000000 0.000000
8500 44 S 12.792580 35.664024 65.188583 1.800000 0.000000 0.000000
8500 45 A 10.910634 32.931614 63.832870 1.530000 0.000000 0.000000
8500 46 P 13.087286 37.520603 61.741505 2.110000 -1.000000 0.000000
8500 47 S 13.659976 34.798035 58.882866 1.800000 0.000000 0.000000
8500 48 T 10.842196 32.834122 58.722340 1.530000 0.000000 0.000000
8500 49 P 13.202374 35.928688 55.124477 2.110000 -1.000000 0.000000
9000 1 P 0.149224 24.344158 60.939808 2.110000 -1.000000 0.000000
9000 2 S 3.605014 23.113684 59.641953 1.800000 0.000000 0.000000
9000 3 A 5.505109 25.943483 60.628521 1.530000 0.000000 0.000000
9000 4 P 5.838276 20.342787 61.416306 2.110000 -1.000000 0.000000
9000 5 S 9.696517 21.019194 61.860737 1.800000 0.000000 0.000000
9000 6 T 9.339259 24.113895 63.579273 1.530000 0.000000 0.000000
9000 7 P 10.432961 17.942955 64.107582 2.110000 -1.000000 0.000000
9000 8 S 12.343768 19.913086 66.993645 1.800000 0.000000 0.000000
9000 9 C 9.310629 21.883564 67.249886 1.530000 0.000000 0.000000
9000 10 P 12.891795 18.053497 70.493355 2.110000 -1.000000 0.000000
9000 11 S 11.691850 20.537062 73.270363 1.800000 0.000000 0.000000
9000 12 C 11.228574 22.644644 70.094315 1.530000 0.000000 0.000000
9000 13 P 10.619781 18.542051 76.368813 2.110000 -1.000000 0.000000
9000 14 S 7.948669 19.806341 79.096680 1.800000 0.000000 0.000000
9000 15 T 4.080336 20.096388 78.460251 1.530000 0.000000 0.000000
9000 16 P 5.841613 17.222530 80.953453 2.110000 -1.000000 0.000000
9000 17 S 1.823608 17.339359 81.046898 1.800000 0.000000 0.000000
9000 18 A 0.757919 16.788271 77.633499 1.530000 0.000000 0.000000
9000 19 P -0.910451 14.689255 82.062119 2.110000 -1.000000 0.000000
9000 20 S -1.989891 12.912282 78.705841 1.800000 0.000000 0.000000
9000 21 G 0.809759 10.716232 78.038239 1.530000 0.000000 0.000000
9000 22 P -3.953148 13.027495 75.284508 2.110000 -1.000000 0.000000
9000 23 S -6.020824 9.576051 74.955582 1.800000 0.000000 0.000000
9000 24 T -7.856309 9.937930 77.954285 1.530000 0.000000 0.000000
9000 25 P -8.155869 10.003659 71.693031 2.110000 -1.000000 0.000000
9000 26 S -7.247177 13.678920 72.255035 1.800000 0.000000 0.000000
9000 27 T -3.854713 13.446476 71.466393 1.530000 0.000000 0.000000
9000 28 P -8.186557 16.076834 69.221962 2.110000 -1.000000 0.000000
9000 29 S -5.001891 18.062452 68.094025 1.800000 0.000000 0.000000
9000 30 A -3.657385 15.315167 66.299774 1.530000 0.000000 0.000000
9000 31 P -4.472705 20.827932 65.366501 2.110000 -1.000000 0.000000
9000 32 S -3.935831 23.238035 68.411064 1.800000 0.000000 0.000000
9000 33 T -2.092564 20.844412 70.128731 1.530000 0.000000 0.000000
9000 34 P -2.149906 26.598530 67.797775 2.110000 -1.000000 0.000000
9000 35 S -0.240971 28.282248 70.846550 1.800000 0.000000 0.000000
9000 36 A -0.944312 25.605869 73.328705 1.530000 0.000000 0.000000
9000 37 P 0.851212 31.978973 71.528191 2.110000 -1.000000 0.000000
9000 38 S 4.625257 31.728136 72.639542 1.800000 0.000000 0.000000
9000 39 G 5.717596 29.617508 70.000847 1.530000 0.000000 0.000000
9000 40 P 6.011786 35.391247 71.798553 2.110000 -1.000000 0.000000
9000 41 S 9.689284 34.567982 70.672676 1.800000 0.000000 0.000000
9000 42 G 9.909465 31.444775 68.407700 1.530000 0.000000 0.000000
9000 43 P 10.380246 37.371994 67.927124 2.110000 -1.000000 0.000000
9000 44 S 12.931912 35.623463 65.323181 1.800000 0.000000 0.000000
9000 45 A 11.049967 32.891052 63.967461 1.530000 0.000000 0.000000
9000 46 P 13.174500 37.432232 61.797138 2.110000 -1.000000 0.000000
9000 47 S 13.894053 34.671753 58.984169 1.800000 0.000000 0.000000
9000 48 T 11.076272 32.707840 58.823643 1.530000 0.000000 0.000000
9000 49 P 14.079988 34.970272 54.979317 2.110000 -1.000000 0.000000
9500 1 P 0.369576 24.386423 61.375164 2.110000 -1.000000 0.000000
9500 2 S 3.706502 23.238621 59.425076 1.800000 0.000000 0.000000
9500 3 A 6.064641 25.536779 60.430416 1.530000 0.000000 0.000000
9500 4 P 5.811678 20.393534 61.146599 2.110000 -1.000000 0.000000
9500 5 S 9.629471 21.084000 61.854843 1.800000 0.000000 0.000000
9500 6 T 9.775497 24.040548 63.745457 1.530000 0.000000 0.000000
9500 7 P 10.431390 17.971760 64.142235 2.110000 -1.000000 0.000000
9500 8 S 12.343785 19.941385 67.113800 1.800000 0.000000 0.000000
9500 9 C 9.346496 21.915817 67.319397 1.530000 0.000000 0.000000
9500 10 P 12.927662 18.085751 70.562866 2.110000 -1.000000 0.000000
9500 11 S 11.718578 20.564190 73.376106 1.800000 0.000000 0.000000
9500 12 C 11.240417 22.653784 70.184341 1.530000 0.000000 0.000000
9500 13 P 10.631625 18.551191 76.458839 2.110000 -1.000000 0.000000
9500 14 S 7.911026 19.744720 79.072830 1.800000 0.000000 0.000000
9500 15 T 4.142890 20.044767 78.321777 1.530000 0.000000 0.000000
9500 16 P 5.708974 17.230747 80.995155 2.110000 -1.000000 0.000000
9500 17 S 1.842065 17.654078 81.096458 1.800000 0.000000 0.000000
9500 18 A 0.691629 17.028772 77.668076 1.530000 0.000000 0.000000
9500 19 P -0.976741 14.929757 82.096695 2.110000 -1.000000 0.000000
9500 20 S -2.104976 12.964543 79.019081 1.800000 0.000000 0.000000
9500 21 G 0.619476 10.940949 78.196671 1.530000 0.000000 0.000000
9500 22 P -4.348046 12.828916 75.769348 2.110000 -1.000000 0.000000
9500 23 S -6.746526 9.773351 75.438934 1.800000 0.000000 0.000000
9500 24 T -9.650421 9.972530 77.300385 1.530000 0.000000 0.000000
9500 25 P -8.950926 10.485801 72.162666 2.110000 -1.000000 0.000000
9500 26 S -7.995700 14.218633 72.712540 1.800000 0.000000 0.000000
9500 27 T -4.707148 14.172972 71.398941 1.530000 0.000000 0.000000
9500 28 P -8.951910 16.334234 69.566490 2.110000 -1.000000 0.000000
9500 29 S -5.653273 18.178785 68.446907 1.800000 0.000000 0.000000
9500 30 A -4.659709 15.106395 66.793221 1.530000 0.000000 0.000000
9500 31 P -4.943724 20.744442 65.566925 2.110000 -1.000000 0.000000
9500 32 S -3.920746 23.255157 68.396835 1.800000 0.000000 0.000000
9500 33 T -2.077479 20.861534 70.114502 1.530000 0.000000 0.000000
9500 34 P -1.964593 26.644690 67.721832 2.110000 -1.000000 0.000000
9500 35 S -0.266859 28.306238 70.837776 1.800000 0.000000 0.000000
9500 36 A -0.970200 25.629860 73.319931 1.530000 0.000000 0.000000
9500 37 P 0.817151 32.002888 71.517906 2.110000 -1.000000 0.000000
9500 38 S 4.588283 31.740370 72.682739 1.800000 0.000000 0.000000
9500 39 G 5.680621 29.629742 70.044044 1.530000 0.000000 0.000000
9500 40 P 6.004015 35.399052 71.848190 2.110000 -1.000000 0.000000
9500 41 S 9.688576 34.571064 70.704865 1.800000 0.000000 0.000000
9500 42 G 9.908756 31.447845 68.439888 1.530000 0.000000 0.000000
9500 43 P 10.312227 37.348881 67.935097 2.110000 -1.000000 0.000000
9500 44 S 12.945089 35.617336 65.608009 1.800000 0.000000 0.000000
9500 45 A 11.063144 32.884926 64.252289 1.530000 0.000000 0.000000
9500 46 P 13.391952 37.321136 62.165485 2.110000 -1.000000 0.000000
9500 47 S 13.883117 34.761341 59.192028 1.800000 0.000000 0.000000
9500 48 T 11.186470 32.734707 58.932259 1.530000 0.000000 0.000000
9500 49 P 13.671764 35.194992 55.235474 2.110000 -1.000000 0.000000
10000 1 P 0.336452 24.479689 61.340069 2.110000 -1.000000 0.000000
10000 2 S 3.687242 23.149456 59.759228 1.800000 0.000000 0.000000
10000 3 A 6.038480 25.527613 60.920841 1.530000 0.000000 0.000000
10000 4 P 5.785518 20.384367 61.637024 2.110000 -1.000000 0.000000
10000 5 S 9.640407 21.115372 61.920753 1.800000 0.000000 0.000000
10000 6 T 9.830113 24.066065 63.814438 1.530000 0.000000 0.000000
10000 7 P 10.486006 17.997276 64.211212 2.110000 -1.000000 0.000000
10000 8 S 12.415360 19.998672 67.145996 1.800000 0.000000 0.000000
10000 9 C 9.409374 21.984726 67.341682 1.530000 0.000000 0.000000
10000 10 P 12.990541 18.154659 70.585152 2.110000 -1.000000 0.000000
10000 11 S 11.813682 20.561314 73.444878 1.800000 0.000000 0.000000
10000 12 C 11.242278 22.684362 70.436050 1.530000 0.000000 0.000000
10000 13 P 10.665393 18.563574 76.482826 2.110000 -1.000000 0.000000
10000 14 S 7.747402 19.462114 79.068497 1.800000 0.000000 0.000000
10000 15 T 3.992033 19.955458 78.384277 1.530000 0.000000 0.000000
10000 16 P 5.558117 17.141438 81.057655 2.110000 -1.000000 0.000000
10000 17 S 1.576671 17.446228 81.134193 1.800000 0.000000 0.000000
10000 18 A 0.690924 16.786873 77.667511 1.530000 0.000000 0.000000
10000 19 P -0.977446 14.687859 82.096130 2.110000 -1.000000 0.000000
10000 20 S -2.075596 12.788451 78.919121 1.800000 0.000000 0.000000
10000 21 G -0.001525 10.477263 77.529366 1.530000 0.000000 0.000000
10000 22 P -4.157672 13.299150 75.540306 2.110000 -1.000000 0.000000
10000 23 S -6.951621 10.558504 75.134094 1.800000 0.000000 0.000000
10000 24 T -9.705200 11.181512 77.194328 1.530000 0.000000 0.000000
10000 25 P -8.730777 11.131630 71.787033 2.110000 -1.000000 0.000000
10000 26 S -8.115376 15.002147 72.514893 1.800000 0.000000 0.000000
10000 27 T -4.437836 15.328027 71.933670 1.530000 0.000000 0.000000
10000 28 P -9.110784 16.846771 69.176727 2.110000 -1.000000 0.000000
10000 29 S -5.657358 18.438990 68.070244 1.800000 0.000000 0.000000
10000 30 A -3.627854 15.669338 66.737877 1.530000 0.000000 0.000000
10000 31 P -4.238357 20.578899 65.072769 2.110000 -1.000000 0.000000
10000 32 S -3.799342 23.061186 68.053635 1.800000 0.000000 0.000000
10000 33 T -1.956076 20.667562 69.771301 1.530000 0.000000 0.000000
10000 34 P -2.438051 26.713827 67.702560 2.110000 -1.000000 0.000000
10000 35 S -0.330232 28.332890 70.651077 1.800000 0.000000 0.000000
10000 36 A -1.033573 25.656511 73.133232 1.530000 0.000000 0.000000
10000 37 P 1.020287 31.881592 71.393631 2.110000 -1.000000 0.000000
10000 38 S 4.713787 31.655035 72.682747 1.800000 0.000000 0.000000
10000 39 G 5.806125 29.544407 70.044052 1.530000 0.000000 0.000000
10000 40 P 6.098516 35.318489 71.964371 2.110000 -1.000000 0.000000
10000 41 S 9.779006 34.477875 70.818321 1.800000 0.000000 0.000000
10000 42 G 9.999187 31.354660 68.553345 1.530000 0.000000 0.000000
10000 43 P 10.405956 37.257824 68.069725 2.110000 -1.000000 0.000000
10000 44 S 13.086667 35.516190 65.611458 1.800000 0.000000 0.000000
10000 45 A 11.204721 32.783779 64.255737 1.530000 0.000000 0.000000
10000 46 P 13.607253 37.062229 61.990604 2.110000 -1.000000 0.000000
10000 47 S 14.499577 34.196285 59.358463 1.800000 0.000000 0.000000
10000 48 T 11.802930 32.169651 59.098694 1.530000 0.000000 0.000000
10000 49 P 14.647179 35.972530 55.777523 2.110000 -1.000000 0.000000
